1 5
10000000
1 5
10000000
1 5
10000000
1 5 6 10
10000000
1 5 6 10
10000000
1 5 6 10
10000000
1 5 6 10 15 20
10000000
1 5 6 10 15 20
10000000
1 5 6 10 15 20
10000000
1 5 6 10 15 20 25 30
10000000
1 5 6 10 15 20 25 30
10000000
1 5 6 10 15 20 25 30
10000000
1 5 6 10 15 20 25 30 35 50
10000000
1 5 6 10 15 20 25 30 35 50
10000000
1 5 6 10 15 20 25 30 35 50
10000000
1 5
20000000
1 5
20000000
1 5
20000000
1 5 6 10
20000000
1 5 6 10
20000000
1 5 6 10
20000000
1 5 6 10 15 20
20000000
1 5 6 10 15 20
20000000
1 5 6 10 15 20
20000000
1 5 6 10 15 20 25 30
20000000
1 5 6 10 15 20 25 30
20000000
1 5 6 10 15 20 25 30
20000000
1 5 6 10 15 20 25 30 35 50
20000000
1 5 6 10 15 20 25 30 35 50
20000000
1 5 6 10 15 20 25 30 35 50
20000000
1 5
30000000
1 5
30000000
1 5
30000000
1 5 6 10
30000000
1 5 6 10
30000000
1 5 6 10
30000000
1 5 6 10 15 20
30000000
1 5 6 10 15 20
30000000
1 5 6 10 15 20
30000000
1 5 6 10 15 20 25 30
30000000
1 5 6 10 15 20 25 30
30000000
1 5 6 10 15 20 25 30
30000000
1 5 6 10 15 20 25 30 35 50
30000000
1 5 6 10 15 20 25 30 35 50
30000000
1 5 6 10 15 20 25 30 35 50
30000000
1 5
40000000
1 5
40000000
1 5
40000000
1 5 6 10
40000000
1 5 6 10
40000000
1 5 6 10
40000000
1 5 6 10 15 20
40000000
1 5 6 10 15 20
40000000
1 5 6 10 15 20
40000000
1 5 6 10 15 20 25 30
40000000
1 5 6 10 15 20 25 30
40000000
1 5 6 10 15 20 25 30
40000000
1 5 6 10 15 20 25 30 35 50
40000000
1 5 6 10 15 20 25 30 35 50
40000000
1 5 6 10 15 20 25 30 35 50
40000000
