1 30 
10000000
10 333333 
333343
1 91 
10000000
10 109890 
109900
1 15 
10000000
10 666666 
666676
1 15 30 91 
10000000
10 0 0 109890 
109900
1 41 61 72 
10000000
0 1 11 138879 
138891
1 10 37 98 
10000000
0 3 4 102039 
102046
1 15 30 61 72 91 
10000000
0 0 4 0 1 109888 
109893
1 10 37 41 41 98 
10000000
2 0 1 1 0 102040 
102044
1 10 26 80 94 96 
10000000
0 0 0 2 0 104165 
104167
1 10 15 30 41 61 72 91 
10000000
0 1 0 0 0 0 0 109890 
109891
1 26 37 41 80 94 96 98 
10000000
0 0 0 0 1 0 0 102040 
102041
1 5 10 14 26 59 84 88 
10000000
0 0 0 0 0 0 14 113623 
113637
1 10 15 30 37 41 61 72 91 98 
10000000
0 1 0 0 0 0 0 0 4 102037 
102042
1 5 10 26 41 59 80 88 94 96 
10000000
0 0 0 0 0 0 2 0 0 104165 
104167
1 13 14 26 41 46 54 83 84 87 
10000000
0 0 0 0 0 1 0 0 0 114942 
114943
1 30 
20000000
20 666666 
666686
1 91 
20000000
20 219780 
219800
1 15 
20000000
5 1333333 
1333338
1 15 30 91 
20000000
5 1 0 219780 
219786
1 41 61 72 
20000000
0 0 8 277771 
277779
1 10 37 98 
20000000
2 1 4 204080 
204087
1 15 30 61 72 91 
20000000
1 1 0 1 3 219777 
219783
1 10 37 41 41 98 
20000000
0 0 1 3 0 204080 
204084
1 10 26 80 94 96 
20000000
0 0 0 4 0 208330 
208334
1 10 15 30 41 61 72 91 
20000000
0 2 0 0 0 0 0 219780 
219782
1 26 37 41 80 94 96 98 
20000000
0 0 0 0 2 0 0 204080 
204082
1 5 10 14 26 59 84 88 
20000000
0 0 0 0 0 0 6 227267 
227273
1 10 15 30 37 41 61 72 91 98 
20000000
1 0 0 0 0 0 1 0 0 204081 
204083
1 5 10 26 41 59 80 88 94 96 
20000000
0 0 0 0 0 0 4 0 0 208330 
208334
1 13 14 26 41 46 54 83 84 87 
20000000
0 1 0 0 0 0 0 2 0 229883 
229886
1 30 
30000000
0 1000000 
1000000
1 91 
30000000
30 329670 
329700
1 15 
30000000
0 2000000 
2000000
1 15 30 91 
30000000
0 0 1 329670 
329671
1 41 61 72 
30000000
1 1 6 416661 
416669
1 10 37 98 
30000000
1 3 3 306121 
306128
1 15 30 61 72 91 
30000000
0 0 1 0 0 329670 
329671
1 10 37 41 41 98 
30000000
3 0 0 1 0 306122 
306126
1 10 26 80 94 96 
30000000
0 0 0 0 0 312500 
312500
1 10 15 30 41 61 72 91 
30000000
0 0 0 1 0 0 0 329670 
329671
1 26 37 41 80 94 96 98 
30000000
0 0 0 0 3 0 0 306120 
306123
1 5 10 14 26 59 84 88 
30000000
0 0 0 0 0 0 20 340890 
340910
1 10 15 30 37 41 61 72 91 98 
30000000
0 0 0 0 0 0 0 1 4 306118 
306123
1 5 10 26 41 59 80 88 94 96 
30000000
0 0 0 0 0 0 0 0 0 312500 
312500
1 13 14 26 41 46 54 83 84 87 
30000000
0 0 0 0 0 0 1 0 1 344826 
344828
1 30 
40000000
10 1333333 
1333343
1 91 
40000000
40 439560 
439600
1 15 
40000000
10 2666666 
2666676
1 15 30 91 
40000000
10 0 1 439560 
439571
1 41 61 72 
40000000
1 0 3 555553 
555557
1 10 37 98 
40000000
0 0 6 408161 
408167
1 15 30 61 72 91 
40000000
2 1 0 1 2 439558 
439564
1 10 37 41 41 98 
40000000
1 0 0 3 0 408162 
408166
1 10 26 80 94 96 
40000000
0 0 0 2 0 416665 
416667
1 10 15 30 41 61 72 91 
40000000
0 1 0 1 0 0 0 439560 
439562
1 26 37 41 80 94 96 98 
40000000
0 1 0 0 0 0 0 408163 
408164
1 5 10 14 26 59 84 88 
40000000
0 0 0 0 0 0 12 454534 
454546
1 10 15 30 37 41 61 72 91 98 
40000000
0 0 0 0 0 0 1 0 5 408158 
408164
1 5 10 26 41 59 80 88 94 96 
40000000
0 0 0 0 0 0 2 0 0 416665 
416667
1 13 14 26 41 46 54 83 84 87 
40000000
0 1 0 0 0 0 0 0 1 459769 
459771
