1 5 
10000000
0 2000000 
2000000
1 5 
10000000
0 2000000 
2000000
1 5 
10000000
0 2000000 
2000000
1 5 6 10 
10000000
0 0 0 1000000 
1000000
1 5 6 10 
10000000
0 0 0 1000000 
1000000
1 5 6 10 
10000000
0 0 0 1000000 
1000000
1 5 6 10 15 20 
10000000
0 0 0 0 0 500000 
500000
1 5 6 10 15 20 
10000000
0 0 0 0 0 500000 
500000
1 5 6 10 15 20 
10000000
0 0 0 0 0 500000 
500000
1 5 6 10 15 20 25 30 
10000000
0 0 0 1 0 0 0 333333 
333334
1 5 6 10 15 20 25 30 
10000000
0 0 0 1 0 0 0 333333 
333334
1 5 6 10 15 20 25 30 
10000000
0 0 0 1 0 0 0 333333 
333334
1 5 6 10 15 20 25 30 35 50 
10000000
0 0 0 0 0 0 0 0 0 200000 
200000
1 5 6 10 15 20 25 30 35 50 
10000000
0 0 0 0 0 0 0 0 0 200000 
200000
1 5 6 10 15 20 25 30 35 50 
10000000
0 0 0 0 0 0 0 0 0 200000 
200000
1 5 
20000000
0 4000000 
4000000
1 5 
20000000
0 4000000 
4000000
1 5 
20000000
0 4000000 
4000000
1 5 6 10 
20000000
0 0 0 2000000 
2000000
1 5 6 10 
20000000
0 0 0 2000000 
2000000
1 5 6 10 
20000000
0 0 0 2000000 
2000000
1 5 6 10 15 20 
20000000
0 0 0 0 0 1000000 
1000000
1 5 6 10 15 20 
20000000
0 0 0 0 0 1000000 
1000000
1 5 6 10 15 20 
20000000
0 0 0 0 0 1000000 
1000000
1 5 6 10 15 20 25 30 
20000000
0 0 0 0 0 1 0 666666 
666667
1 5 6 10 15 20 25 30 
20000000
0 0 0 0 0 1 0 666666 
666667
1 5 6 10 15 20 25 30 
20000000
0 0 0 0 0 1 0 666666 
666667
1 5 6 10 15 20 25 30 35 50 
20000000
0 0 0 0 0 0 0 0 0 400000 
400000
1 5 6 10 15 20 25 30 35 50 
20000000
0 0 0 0 0 0 0 0 0 400000 
400000
1 5 6 10 15 20 25 30 35 50 
20000000
0 0 0 0 0 0 0 0 0 400000 
400000
1 5 
30000000
0 6000000 
6000000
1 5 
30000000
0 6000000 
6000000
1 5 
30000000
0 6000000 
6000000
1 5 6 10 
30000000
0 0 0 3000000 
3000000
1 5 6 10 
30000000
0 0 0 3000000 
3000000
1 5 6 10 
30000000
0 0 0 3000000 
3000000
1 5 6 10 15 20 
30000000
0 0 0 0 0 1500000 
1500000
1 5 6 10 15 20 
30000000
0 0 0 0 0 1500000 
1500000
1 5 6 10 15 20 
30000000
0 0 0 0 0 1500000 
1500000
1 5 6 10 15 20 25 30 
30000000
0 0 0 0 0 0 0 1000000 
1000000
1 5 6 10 15 20 25 30 
30000000
0 0 0 0 0 0 0 1000000 
1000000
1 5 6 10 15 20 25 30 
30000000
0 0 0 0 0 0 0 1000000 
1000000
1 5 6 10 15 20 25 30 35 50 
30000000
0 0 0 0 0 0 0 0 0 600000 
600000
1 5 6 10 15 20 25 30 35 50 
30000000
0 0 0 0 0 0 0 0 0 600000 
600000
1 5 6 10 15 20 25 30 35 50 
30000000
0 0 0 0 0 0 0 0 0 600000 
600000
1 5 
40000000
0 8000000 
8000000
1 5 
40000000
0 8000000 
8000000
1 5 
40000000
0 8000000 
8000000
1 5 6 10 
40000000
0 0 0 4000000 
4000000
1 5 6 10 
40000000
0 0 0 4000000 
4000000
1 5 6 10 
40000000
0 0 0 4000000 
4000000
1 5 6 10 15 20 
40000000
0 0 0 0 0 2000000 
2000000
1 5 6 10 15 20 
40000000
0 0 0 0 0 2000000 
2000000
1 5 6 10 15 20 
40000000
0 0 0 0 0 2000000 
2000000
1 5 6 10 15 20 25 30 
40000000
0 0 0 1 0 0 0 1333333 
1333334
1 5 6 10 15 20 25 30 
40000000
0 0 0 1 0 0 0 1333333 
1333334
1 5 6 10 15 20 25 30 
40000000
0 0 0 1 0 0 0 1333333 
1333334
1 5 6 10 15 20 25 30 35 50 
40000000
0 0 0 0 0 0 0 0 0 800000 
800000
1 5 6 10 15 20 25 30 35 50 
40000000
0 0 0 0 0 0 0 0 0 800000 
800000
1 5 6 10 15 20 25 30 35 50 
40000000
0 0 0 0 0 0 0 0 0 800000 
800000
