1 30 
10000000
1 91 
10000000
1 15 
10000000
1 15 30 91 
10000000
1 41 61 72 
10000000
1 10 37 98 
10000000
1 15 30 61 72 91 
10000000
1 10 37 41 41 98 
10000000
1 10 26 80 94 96 
10000000
1 10 15 30 41 61 72 91 
10000000
1 26 37 41 80 94 96 98 
10000000
1 5 10 14 26 59 84 88 
10000000
1 10 15 30 37 41 61 72 91 98 
10000000
1 5 10 26 41 59 80 88 94 96 
10000000
1 13 14 26 41 46 54 83 84 87 
10000000
1 30 
20000000
1 91 
20000000
1 15 
20000000
1 15 30 91 
20000000
1 41 61 72 
20000000
1 10 37 98 
20000000
1 15 30 61 72 91 
20000000
1 10 37 41 41 98 
20000000
1 10 26 80 94 96 
20000000
1 10 15 30 41 61 72 91 
20000000
1 26 37 41 80 94 96 98 
20000000
1 5 10 14 26 59 84 88 
20000000
1 10 15 30 37 41 61 72 91 98 
20000000
1 5 10 26 41 59 80 88 94 96 
20000000
1 13 14 26 41 46 54 83 84 87 
20000000
1 30 
30000000
1 91 
30000000
1 15 
30000000
1 15 30 91 
30000000
1 41 61 72 
30000000
1 10 37 98 
30000000
1 15 30 61 72 91 
30000000
1 10 37 41 41 98 
30000000
1 10 26 80 94 96 
30000000
1 10 15 30 41 61 72 91 
30000000
1 26 37 41 80 94 96 98 
30000000
1 5 10 14 26 59 84 88 
30000000
1 10 15 30 37 41 61 72 91 98 
30000000
1 5 10 26 41 59 80 88 94 96 
30000000
1 13 14 26 41 46 54 83 84 87 
30000000
1 30 
40000000
1 91 
40000000
1 15 
40000000
1 15 30 91 
40000000
1 41 61 72 
40000000
1 10 37 98 
40000000
1 15 30 61 72 91 
40000000
1 10 37 41 41 98 
40000000
1 10 26 80 94 96 
40000000
1 10 15 30 41 61 72 91 
40000000
1 26 37 41 80 94 96 98 
40000000
1 5 10 14 26 59 84 88 
40000000
1 10 15 30 37 41 61 72 91 98 
40000000
1 5 10 26 41 59 80 88 94 96 
40000000
1 13 14 26 41 46 54 83 84 87 
40000000
